88 242
92 230
105 193
142 88
144 83
145 81
146 80
148 79
153 78
154 78
155 78
156 78
157 78
158 78
159 78
160 78
161 78
162 78
163 78
663 80
673 81
694 88
699 91
703 94
704 95
705 96
706 97
707 98
708 99
709 100
864 304
866 307
868 310
869 312
870 314
872 319
875 333
875 334
875 335
875 336
875 337
875 338
875 339
875 340
875 341
875 342
875 343
875 344
875 345
875 346
875 347
875 348
875 349
867 445
866 448
865 449
864 450
863 451
858 453
854 454
849 455
839 456
238 456
228 455
222 454
218 453
209 450
197 444
185 435
181 431
176 425
172 419
167 409
88 244
